10.000000 618.000000 
20.000000 808.000000 
30.000000 1327.000000 
40.000000 1899.000000 
50.000000 2357.000000 
60.000000 4215.000000 
70.000000 3397.000000 
80.000000 4165.000000 
90.000000 4650.000000 
100.000000 5137.000000 
110.000000 6073.000000 
120.000000 6291.000000 
130.000000 7266.000000 
140.000000 7717.000000 
150.000000 8158.000000 
160.000000 8522.000000 
170.000000 9913.000000 
180.000000 10474.000000 
190.000000 10904.000000 
200.000000 11923.000000 
210.000000 12722.000000 
220.000000 13709.000000 
230.000000 14150.000000 
240.000000 15522.000000 
250.000000 15381.000000 
260.000000 16456.000000 
270.000000 17320.000000 
280.000000 17572.000000 
290.000000 17602.000000 
300.000000 19162.000000 
310.000000 19772.000000 
320.000000 20696.000000 
330.000000 20554.000000 
340.000000 21856.000000 
350.000000 23247.000000 
360.000000 24978.000000 
370.000000 24080.000000 
380.000000 24236.000000 
390.000000 25484.000000 
400.000000 27869.000000 
410.000000 39497.000000 
420.000000 33446.000000 
430.000000 35030.000000 
440.000000 34433.000000 
450.000000 34396.000000 
460.000000 35274.000000 
470.000000 36300.000000 
480.000000 36428.000000 
490.000000 38364.000000 
500.000000 38433.000000 
510.000000 40285.000000 
520.000000 41324.000000 
530.000000 41495.000000 
540.000000 42375.000000 
550.000000 39188.000000 
560.000000 39435.000000 
570.000000 42306.000000 
580.000000 55220.000000 
590.000000 40867.000000 
600.000000 89055.000000 
610.000000 43025.000000 
620.000000 43811.000000 
630.000000 44925.000000 
640.000000 44846.000000 
650.000000 46010.000000 
660.000000 46101.000000 
670.000000 48358.000000 
680.000000 49472.000000 
690.000000 49109.000000 
700.000000 51202.000000 
710.000000 66937.000000 
720.000000 52096.000000 
730.000000 52378.000000 
740.000000 52187.000000 
750.000000 55054.000000 
760.000000 54641.000000 
770.000000 56921.000000 
780.000000 65514.000000 
790.000000 62964.000000 
800.000000 56641.000000 
810.000000 61412.000000 
820.000000 60310.000000 
830.000000 59473.000000 
840.000000 69532.000000 
850.000000 59823.000000 
860.000000 62856.000000 
870.000000 67807.000000 
880.000000 66968.000000 
890.000000 65235.000000 
900.000000 66439.000000 
910.000000 69027.000000 
920.000000 70609.000000 
930.000000 68770.000000 
940.000000 70274.000000 
950.000000 70908.000000 
960.000000 74035.000000 
970.000000 74411.000000 
980.000000 72412.000000 
990.000000 74729.000000 
1000.000000 72561.000000 
