10.000000 368.000000 
20.000000 1087.000000 
30.000000 1916.000000 
40.000000 3019.000000 
50.000000 7278.000000 
60.000000 5876.000000 
70.000000 7734.000000 
80.000000 9611.000000 
90.000000 12033.000000 
100.000000 14531.000000 
110.000000 17004.000000 
120.000000 20333.000000 
130.000000 22861.000000 
140.000000 26502.000000 
150.000000 30124.000000 
160.000000 33259.000000 
170.000000 37022.000000 
180.000000 41232.000000 
190.000000 46007.000000 
200.000000 50366.000000 
210.000000 54912.000000 
220.000000 61183.000000 
230.000000 66375.000000 
240.000000 71614.000000 
250.000000 78440.000000 
260.000000 91102.000000 
270.000000 102222.000000 
280.000000 94473.000000 
290.000000 101466.000000 
300.000000 108408.000000 
310.000000 113978.000000 
320.000000 121391.000000 
330.000000 129562.000000 
340.000000 136881.000000 
350.000000 145372.000000 
360.000000 153241.000000 
370.000000 160281.000000 
380.000000 170070.000000 
390.000000 177333.000000 
400.000000 207010.000000 
410.000000 240516.000000 
420.000000 260246.000000 
430.000000 244802.000000 
440.000000 255705.000000 
450.000000 266593.000000 
460.000000 279528.000000 
470.000000 290165.000000 
480.000000 301866.000000 
490.000000 314430.000000 
500.000000 327173.000000 
510.000000 340850.000000 
520.000000 353571.000000 
530.000000 365930.000000 
540.000000 339284.000000 
550.000000 368408.000000 
560.000000 371197.000000 
570.000000 395477.000000 
580.000000 387434.000000 
590.000000 537533.000000 
600.000000 403809.000000 
610.000000 418643.000000 
620.000000 432530.000000 
630.000000 444206.000000 
640.000000 458480.000000 
650.000000 481949.000000 
660.000000 500841.000000 
670.000000 500822.000000 
680.000000 515149.000000 
690.000000 530325.000000 
700.000000 872438.000000 
710.000000 612732.000000 
720.000000 575607.000000 
730.000000 591825.000000 
740.000000 607872.000000 
750.000000 623798.000000 
760.000000 639017.000000 
770.000000 1287176.000000 
780.000000 748397.000000 
790.000000 695278.000000 
800.000000 708211.000000 
810.000000 790832.000000 
820.000000 739503.000000 
830.000000 773380.000000 
840.000000 777918.000000 
850.000000 795861.000000 
860.000000 816581.000000 
870.000000 829092.000000 
880.000000 850526.000000 
890.000000 870881.000000 
900.000000 885727.000000 
910.000000 907612.000000 
920.000000 932787.000000 
930.000000 946094.000000 
940.000000 967292.000000 
950.000000 998380.000000 
960.000000 1006758.000000 
970.000000 1025681.000000 
980.000000 1047644.000000 
990.000000 1071377.000000 
1000.000000 1094250.000000 
