10.000000 362.000000 
20.000000 1288.000000 
30.000000 2167.000000 
40.000000 3646.000000 
50.000000 5550.000000 
60.000000 7866.000000 
70.000000 10838.000000 
80.000000 13486.000000 
90.000000 17888.000000 
100.000000 20829.000000 
110.000000 24317.000000 
120.000000 28674.000000 
130.000000 33398.000000 
140.000000 39004.000000 
150.000000 42972.000000 
160.000000 50640.000000 
170.000000 53826.000000 
180.000000 61276.000000 
190.000000 66016.000000 
200.000000 73095.000000 
210.000000 81571.000000 
220.000000 105457.000000 
230.000000 95107.000000 
240.000000 107039.000000 
250.000000 125968.000000 
260.000000 123843.000000 
270.000000 132111.000000 
280.000000 135177.000000 
290.000000 144553.000000 
300.000000 152658.000000 
310.000000 162138.000000 
320.000000 174723.000000 
330.000000 189856.000000 
340.000000 194537.000000 
350.000000 206166.000000 
360.000000 225480.000000 
370.000000 243253.000000 
380.000000 261534.000000 
390.000000 276826.000000 
400.000000 289246.000000 
410.000000 315474.000000 
420.000000 373585.000000 
430.000000 392861.000000 
440.000000 394612.000000 
450.000000 408335.000000 
460.000000 418568.000000 
470.000000 404720.000000 
480.000000 425856.000000 
490.000000 444124.000000 
500.000000 461983.000000 
510.000000 477942.000000 
520.000000 502148.000000 
530.000000 522009.000000 
540.000000 532261.000000 
550.000000 504514.000000 
560.000000 554695.000000 
570.000000 527816.000000 
580.000000 547099.000000 
590.000000 606092.000000 
600.000000 639102.000000 
610.000000 596478.000000 
620.000000 603493.000000 
630.000000 627624.000000 
640.000000 642168.000000 
650.000000 660633.000000 
660.000000 680524.000000 
670.000000 699594.000000 
680.000000 734744.000000 
690.000000 746793.000000 
700.000000 1223065.000000 
710.000000 1199678.000000 
720.000000 899666.000000 
730.000000 832847.000000 
740.000000 921990.000000 
750.000000 872689.000000 
760.000000 905542.000000 
770.000000 1230322.000000 
780.000000 1010751.000000 
790.000000 973749.000000 
800.000000 1002827.000000 
810.000000 1257136.000000 
820.000000 1067142.000000 
830.000000 1099381.000000 
840.000000 1127796.000000 
850.000000 1158411.000000 
860.000000 1126041.000000 
870.000000 1217466.000000 
880.000000 1229417.000000 
890.000000 1208567.000000 
900.000000 1239776.000000 
910.000000 1284711.000000 
920.000000 1295045.000000 
930.000000 1324117.000000 
940.000000 1360336.000000 
950.000000 1383733.000000 
960.000000 1425527.000000 
970.000000 1433790.000000 
980.000000 1481013.000000 
990.000000 1525342.000000 
1000.000000 1537715.000000 
