10.000000 340.000000 
20.000000 360.000000 
30.000000 487.000000 
40.000000 735.000000 
50.000000 1004.000000 
60.000000 1338.000000 
70.000000 1698.000000 
80.000000 2138.000000 
90.000000 4003.000000 
100.000000 3064.000000 
110.000000 3628.000000 
120.000000 4239.000000 
130.000000 4913.000000 
140.000000 6764.000000 
150.000000 6337.000000 
160.000000 7150.000000 
170.000000 9304.000000 
180.000000 8896.000000 
190.000000 9792.000000 
200.000000 12014.000000 
210.000000 11751.000000 
220.000000 15235.000000 
230.000000 13978.000000 
240.000000 16685.000000 
250.000000 16934.000000 
260.000000 19556.000000 
270.000000 19617.000000 
280.000000 22754.000000 
290.000000 21937.000000 
300.000000 24953.000000 
310.000000 24907.000000 
320.000000 27597.000000 
330.000000 29598.000000 
340.000000 29747.000000 
350.000000 32704.000000 
360.000000 34603.000000 
370.000000 34953.000000 
380.000000 38203.000000 
390.000000 40147.000000 
400.000000 42336.000000 
410.000000 43886.000000 
420.000000 54672.000000 
430.000000 55111.000000 
440.000000 59995.000000 
450.000000 60372.000000 
460.000000 62721.000000 
470.000000 65618.000000 
480.000000 68156.000000 
490.000000 70890.000000 
500.000000 73845.000000 
510.000000 77385.000000 
520.000000 79021.000000 
530.000000 82820.000000 
540.000000 85720.000000 
550.000000 79090.000000 
560.000000 183016.000000 
570.000000 85778.000000 
580.000000 85896.000000 
590.000000 102156.000000 
600.000000 96561.000000 
610.000000 95553.000000 
620.000000 96720.000000 
630.000000 99991.000000 
640.000000 102999.000000 
650.000000 109126.000000 
660.000000 110440.000000 
670.000000 112951.000000 
680.000000 115593.000000 
690.000000 122415.000000 
700.000000 202472.000000 
710.000000 145965.000000 
720.000000 130097.000000 
730.000000 134003.000000 
740.000000 139919.000000 
750.000000 139892.000000 
760.000000 159319.000000 
770.000000 153904.000000 
780.000000 176708.000000 
790.000000 154997.000000 
800.000000 161432.000000 
810.000000 260664.000000 
820.000000 172485.000000 
830.000000 185609.000000 
840.000000 177157.000000 
850.000000 181513.000000 
860.000000 187029.000000 
870.000000 189487.000000 
880.000000 193660.000000 
890.000000 197662.000000 
900.000000 210199.000000 
910.000000 203984.000000 
920.000000 210594.000000 
930.000000 230519.000000 
940.000000 224456.000000 
950.000000 225166.000000 
960.000000 240685.000000 
970.000000 232188.000000 
980.000000 240124.000000 
990.000000 244470.000000 
1000.000000 247633.000000 
