10.000000 613.000000 
20.000000 1658.000000 
30.000000 2899.000000 
40.000000 3786.000000 
50.000000 5703.000000 
60.000000 6692.000000 
70.000000 7890.000000 
80.000000 9569.000000 
90.000000 10762.000000 
100.000000 12383.000000 
110.000000 13716.000000 
120.000000 15546.000000 
130.000000 17153.000000 
140.000000 18364.000000 
150.000000 19903.000000 
160.000000 21958.000000 
170.000000 23750.000000 
180.000000 25116.000000 
190.000000 27038.000000 
200.000000 28619.000000 
210.000000 30387.000000 
220.000000 32321.000000 
230.000000 33772.000000 
240.000000 35790.000000 
250.000000 38032.000000 
260.000000 40506.000000 
270.000000 45788.000000 
280.000000 42534.000000 
290.000000 44230.000000 
300.000000 45949.000000 
310.000000 47268.000000 
320.000000 49874.000000 
330.000000 51275.000000 
340.000000 52727.000000 
350.000000 55447.000000 
360.000000 56550.000000 
370.000000 58301.000000 
380.000000 60966.000000 
390.000000 62844.000000 
400.000000 64626.000000 
410.000000 68139.000000 
420.000000 77462.000000 
430.000000 80636.000000 
440.000000 82560.000000 
450.000000 85082.000000 
460.000000 86532.000000 
470.000000 89130.000000 
480.000000 91986.000000 
490.000000 102650.000000 
500.000000 96748.000000 
510.000000 98136.000000 
520.000000 100239.000000 
530.000000 107404.000000 
540.000000 112063.000000 
550.000000 95116.000000 
560.000000 124792.000000 
570.000000 99467.000000 
580.000000 98881.000000 
590.000000 104276.000000 
600.000000 104275.000000 
610.000000 104857.000000 
620.000000 108407.000000 
630.000000 109572.000000 
640.000000 112998.000000 
650.000000 114039.000000 
660.000000 115703.000000 
670.000000 117040.000000 
680.000000 118559.000000 
690.000000 122844.000000 
700.000000 185150.000000 
710.000000 127353.000000 
720.000000 127592.000000 
730.000000 131746.000000 
740.000000 134841.000000 
750.000000 142214.000000 
760.000000 135224.000000 
770.000000 248610.000000 
780.000000 161189.000000 
790.000000 141233.000000 
800.000000 146866.000000 
810.000000 227196.000000 
820.000000 148540.000000 
830.000000 149316.000000 
840.000000 151101.000000 
850.000000 152791.000000 
860.000000 157387.000000 
870.000000 157936.000000 
880.000000 158816.000000 
890.000000 161942.000000 
900.000000 163416.000000 
910.000000 169133.000000 
920.000000 169615.000000 
930.000000 175434.000000 
940.000000 171922.000000 
950.000000 174853.000000 
960.000000 177113.000000 
970.000000 178871.000000 
980.000000 194651.000000 
990.000000 183494.000000 
1000.000000 184143.000000 
