10.000000 238.000000 
20.000000 508.000000 
30.000000 812.000000 
40.000000 1322.000000 
50.000000 1811.000000 
60.000000 2676.000000 
70.000000 3693.000000 
80.000000 4223.000000 
90.000000 6006.000000 
100.000000 6256.000000 
110.000000 8285.000000 
120.000000 9036.000000 
130.000000 10303.000000 
140.000000 12276.000000 
150.000000 12668.000000 
160.000000 15587.000000 
170.000000 16504.000000 
180.000000 19111.000000 
190.000000 21629.000000 
200.000000 24918.000000 
210.000000 25913.000000 
220.000000 28498.000000 
230.000000 31838.000000 
240.000000 34465.000000 
250.000000 36706.000000 
260.000000 41329.000000 
270.000000 43337.000000 
280.000000 44925.000000 
290.000000 48065.000000 
300.000000 49646.000000 
310.000000 51063.000000 
320.000000 57884.000000 
330.000000 72947.000000 
340.000000 64724.000000 
350.000000 67926.000000 
360.000000 76951.000000 
370.000000 78888.000000 
380.000000 80797.000000 
390.000000 86148.000000 
400.000000 90823.000000 
410.000000 176402.000000 
420.000000 113166.000000 
430.000000 123718.000000 
440.000000 125076.000000 
450.000000 132239.000000 
460.000000 137771.000000 
470.000000 137866.000000 
480.000000 151780.000000 
490.000000 162769.000000 
500.000000 183175.000000 
510.000000 176902.000000 
520.000000 176989.000000 
530.000000 191201.000000 
540.000000 186950.000000 
550.000000 182083.000000 
560.000000 181748.000000 
570.000000 181747.000000 
580.000000 188828.000000 
590.000000 221303.000000 
600.000000 288867.000000 
610.000000 215176.000000 
620.000000 214075.000000 
630.000000 228090.000000 
640.000000 222366.000000 
650.000000 476177.000000 
660.000000 232394.000000 
670.000000 248175.000000 
680.000000 258589.000000 
690.000000 261518.000000 
700.000000 304145.000000 
710.000000 389787.000000 
720.000000 326746.000000 
730.000000 292136.000000 
740.000000 556567.000000 
750.000000 310899.000000 
760.000000 323103.000000 
770.000000 453847.000000 
780.000000 393046.000000 
790.000000 348572.000000 
800.000000 348494.000000 
810.000000 358639.000000 
820.000000 366242.000000 
830.000000 379323.000000 
840.000000 405933.000000 
850.000000 392400.000000 
860.000000 396847.000000 
870.000000 414147.000000 
880.000000 464663.000000 
890.000000 433258.000000 
900.000000 426255.000000 
910.000000 470283.000000 
920.000000 467352.000000 
930.000000 483461.000000 
940.000000 500828.000000 
950.000000 515598.000000 
960.000000 514237.000000 
970.000000 507403.000000 
980.000000 509165.000000 
990.000000 540680.000000 
1000.000000 537445.000000 
