10.000000 3175.000000 
20.000000 4194.000000 
30.000000 6290.000000 
40.000000 8229.000000 
50.000000 10837.000000 
60.000000 13705.000000 
70.000000 15507.000000 
80.000000 17350.000000 
90.000000 19927.000000 
100.000000 23446.000000 
110.000000 25188.000000 
120.000000 27522.000000 
130.000000 29956.000000 
140.000000 33611.000000 
150.000000 34857.000000 
160.000000 37636.000000 
170.000000 40181.000000 
180.000000 42098.000000 
190.000000 45052.000000 
200.000000 47717.000000 
210.000000 52075.000000 
220.000000 53271.000000 
230.000000 56716.000000 
240.000000 59151.000000 
250.000000 62053.000000 
260.000000 65930.000000 
270.000000 69252.000000 
280.000000 69996.000000 
290.000000 72831.000000 
300.000000 74941.000000 
310.000000 77574.000000 
320.000000 81607.000000 
330.000000 82331.000000 
340.000000 85278.000000 
350.000000 87791.000000 
360.000000 91176.000000 
370.000000 93277.000000 
380.000000 95785.000000 
390.000000 99376.000000 
400.000000 101535.000000 
410.000000 172412.000000 
420.000000 124170.000000 
430.000000 129121.000000 
440.000000 130737.000000 
450.000000 134009.000000 
460.000000 137672.000000 
470.000000 143085.000000 
480.000000 142526.000000 
490.000000 146919.000000 
500.000000 164181.000000 
510.000000 158673.000000 
520.000000 156982.000000 
530.000000 164880.000000 
540.000000 163300.000000 
550.000000 148630.000000 
560.000000 152759.000000 
570.000000 171097.000000 
580.000000 154905.000000 
590.000000 156881.000000 
600.000000 244839.000000 
610.000000 163529.000000 
620.000000 164124.000000 
630.000000 169672.000000 
640.000000 169296.000000 
650.000000 190027.000000 
660.000000 174933.000000 
670.000000 177860.000000 
680.000000 179970.000000 
690.000000 185047.000000 
700.000000 203895.000000 
710.000000 270284.000000 
720.000000 212410.000000 
730.000000 196857.000000 
740.000000 232658.000000 
750.000000 218066.000000 
760.000000 204746.000000 
770.000000 209689.000000 
780.000000 247221.000000 
790.000000 214046.000000 
800.000000 216124.000000 
810.000000 226975.000000 
820.000000 223198.000000 
830.000000 225973.000000 
840.000000 257618.000000 
850.000000 233160.000000 
860.000000 236960.000000 
870.000000 237266.000000 
880.000000 247290.000000 
890.000000 243692.000000 
900.000000 246071.000000 
910.000000 250193.000000 
920.000000 252173.000000 
930.000000 255994.000000 
940.000000 263974.000000 
950.000000 261830.000000 
960.000000 264658.000000 
970.000000 268293.000000 
980.000000 273066.000000 
990.000000 274441.000000 
1000.000000 278946.000000 
